
                                    

                                 N# 10 a

*************                  ****************
* * * * * * * * * * * * * * * * * * * * * * * * * * * * * * * * * *
           
       
     T     .

᮪ 㧫   ࠬࠬ
 10  -⢮ 設

᮪  裡  ࠬࠬ
 17  -᫮ ॡ 室 
Ŀ
N ॡ࠳      
Ĵ
   1     1    2  
   2     1    4  
   3     1    7  
   4     2    3  
   5     2   10  
   6     3    9  
   7     4    5  
   8     4    6  
   9     5   10  
  10     6    7  
  11     6    8  
  12     7    8  
  13     9   10  
  14     1    8  
  15     3    4  
  16     2    4  
  17     1    6  


    
Ŀ
  N    INFO  LINK 
Ĵ
   1     0    43  
   2     0    41  
   3     0    39  
   4     0    42  
   5     0    27  
   6     0    44  
   7     0    33  
   8     0    38  
   9     0    35  
  10     0    36  
  11     2     0  
  12     1     0  
  13     4    11  
  14     1     0  
  15     7    13  
  16     1     0  
  17     3    12  
  18     2     0  
  19    10    17  
  20     2     0  
  21     9    18  
  22     3     0  
  23     5    14  
  24     4     0  
  25     6    23  
  26     4     0  
  27    10    24  
  28     5    20  
  29     7    26  
  30     6    16  
  31     8    29  
  32     6     0  
  33     8    30  
  34     7    32  
  35    10    22  
  36     9    28  
  37     8    15  
  38     1    34  
  39     4    21  
  40     3    25  
  41     4    19  
  42     2    40  
  43     6    37  
  44     1    31  


 2  - 砫쭠 設

 N#    1 

                               
 1  2   3   4   5   6   7   8   9  10  11  12  13 14  15  16  17  18  19  20

 2  4   0   0   0   0   0   0   0   0   0   0   0   0   0   0   0   0   0   0  

                         
 1    2   3   4   5   6   7   8   9   10

 2  
 4  

 N#    2 

                               
 1  2   3   4   5   6   7   8   9  10  11  12  13 14  15  16  17  18  19  20

 2  4   3   0   0   0   0   0   0   0   0   0   0   0   0   0   0   0   0   0  

                         
 1    2   3   4   5   6   7   8   9   10

 2   4  
 4   3  

 N#    3 

                               
 1  2   3   4   5   6   7   8   9  10  11  12  13 14  15  16  17  18  19  20

 2  4   3   9   0   0   0   0   0   0   0   0   0   0   0   0   0   0   0   0  

                         
 1    2   3   4   5   6   7   8   9   10

 2   4   3  
 4   3   9  

 N#    4 

                               
 1  2   3   4   5   6   7   8   9  10  11  12  13 14  15  16  17  18  19  20

 2  4   3   9   10   0   0   0   0   0   0   0   0   0   0   0   0   0   0   0  

                         
 1    2   3   4   5   6   7   8   9   10

 2   4   3   9  
 4   3   9   10  

 N#    5 

                               
 1  2   3   4   5   6   7   8   9  10  11  12  13 14  15  16  17  18  19  20

 2  4   3   9   10   5   0   0   0   0   0   0   0   0   0   0   0   0   0   0  

                         
 1    2   3   4   5   6   7   8   9   10

 2   4   3   9   10  
 4   3   9   10   5  

 N#    6 

                               
 1  2   3   4   5   6   7   8   9  10  11  12  13 14  15  16  17  18  19  20

 2  4   3   9   10   5   6   0   0   0   0   0   0   0   0   0   0   0   0   0  

                         
 1    2   3   4   5   6   7   8   9   10

 2   4   3   9   10   4  
 4   3   9   10   5   6  

 N#    7 

                               
 1  2   3   4   5   6   7   8   9  10  11  12  13 14  15  16  17  18  19  20

 2  4   3   9   10   5   6   1   0   0   0   0   0   0   0   0   0   0   0   0  

                         
 1    2   3   4   5   6   7   8   9   10

 2   4   3   9   10   4   6  
 4   3   9   10   5   6   1  

 N#    8 

                               
 1  2   3   4   5   6   7   8   9  10  11  12  13 14  15  16  17  18  19  20

 2  4   3   9   10   5   6   1   8   0   0   0   0   0   0   0   0   0   0   0  

                         
 1    2   3   4   5   6   7   8   9   10

 2   4   3   9   10   4   6   1  
 4   3   9   10   5   6   1   8  

 N#    9 

                               
 1  2   3   4   5   6   7   8   9  10  11  12  13 14  15  16  17  18  19  20

 2  4   3   9   10   5   6   1   8   7   0   0   0   0   0   0   0   0   0   0  

                         
 1    2   3   4   5   6   7   8   9   10

 2   4   3   9   10   4   6   1   8  
 4   3   9   10   5   6   1   8   7  

 9  -⢮ ॡ ⮢ ॢ
  
Ŀ
      
Ĵ
  2    4  
  4    3  
  3    9  
  9   10  
 10    5  
  4    6  
  6    1  
  1    8  
  8    7  

