
                                    

                                 N# 10 a

*************                  ****************
* * * * * * * * * * * * * * * * * * * * * * * * * * * * * * * * * *
           
       
     T     .

᮪ 㧫   ࠬࠬ
 10  -⢮ 設

᮪  裡  ࠬࠬ
 17  -᫮ ॡ 室 
Ŀ
N ॡ࠳      
Ĵ
   1     1    2  
   2     1    4  
   3     1    7  
   4     2    3  
   5     2   10  
   6     3    9  
   7     4    5  
   8     4    6  
   9     6    7  
  10     7    8  
  11     9   10  
  12     1    8  
  13     3    4  
  14     2    4  
  15     1    6  
  16     5    8  
  17     5    9  


    
Ŀ
  N    INFO  LINK 
Ĵ
   1     0    39  
   2     0    37  
   3     0    35  
   4     0    38  
   5     0    43  
   6     0    40  
   7     0    29  
   8     0    42  
   9     0    44  
  10     0    32  
  11     2     0  
  12     1     0  
  13     4    11  
  14     1     0  
  15     7    13  
  16     1     0  
  17     3    12  
  18     2     0  
  19    10    17  
  20     2     0  
  21     9    18  
  22     3     0  
  23     5    14  
  24     4     0  
  25     6    23  
  26     4     0  
  27     7    26  
  28     6    16  
  29     8    28  
  30     7     0  
  31    10    22  
  32     9    20  
  33     8    15  
  34     1    30  
  35     4    21  
  36     3    25  
  37     4    19  
  38     2    36  
  39     6    33  
  40     1    27  
  41     8    24  
  42     5    34  
  43     9    41  
  44     5    31  


 2  - 砫쭠 設

 N#    1 

                               
 1  2   3   4   5   6   7   8   9  10  11  12  13 14  15  16  17  18  19  20

 2  4   0   0   0   0   0   0   0   0   0   0   0   0   0   0   0   0   0   0  

                         
 1    2   3   4   5   6   7   8   9   10

 2  
 4  

 N#    2 

                               
 1  2   3   4   5   6   7   8   9  10  11  12  13 14  15  16  17  18  19  20

 2  4   3   0   0   0   0   0   0   0   0   0   0   0   0   0   0   0   0   0  

                         
 1    2   3   4   5   6   7   8   9   10

 2   4  
 4   3  

 N#    3 

                               
 1  2   3   4   5   6   7   8   9  10  11  12  13 14  15  16  17  18  19  20

 2  4   3   9   0   0   0   0   0   0   0   0   0   0   0   0   0   0   0   0  

                         
 1    2   3   4   5   6   7   8   9   10

 2   4   3  
 4   3   9  

 N#    4 

                               
 1  2   3   4   5   6   7   8   9  10  11  12  13 14  15  16  17  18  19  20

 2  4   3   9   5   0   0   0   0   0   0   0   0   0   0   0   0   0   0   0  

                         
 1    2   3   4   5   6   7   8   9   10

 2   4   3   9  
 4   3   9   5  

 N#    5 

                               
 1  2   3   4   5   6   7   8   9  10  11  12  13 14  15  16  17  18  19  20

 2  4   3   9   5   8   0   0   0   0   0   0   0   0   0   0   0   0   0   0  

                         
 1    2   3   4   5   6   7   8   9   10

 2   4   3   9   5  
 4   3   9   5   8  

 N#    6 

                               
 1  2   3   4   5   6   7   8   9  10  11  12  13 14  15  16  17  18  19  20

 2  4   3   9   5   8   1   0   0   0   0   0   0   0   0   0   0   0   0   0  

                         
 1    2   3   4   5   6   7   8   9   10

 2   4   3   9   5   8  
 4   3   9   5   8   1  

 N#    7 

                               
 1  2   3   4   5   6   7   8   9  10  11  12  13 14  15  16  17  18  19  20

 2  4   3   9   5   8   1   6   0   0   0   0   0   0   0   0   0   0   0   0  

                         
 1    2   3   4   5   6   7   8   9   10

 2   4   3   9   5   8   1  
 4   3   9   5   8   1   6  

 N#    8 

                               
 1  2   3   4   5   6   7   8   9  10  11  12  13 14  15  16  17  18  19  20

 2  4   3   9   5   8   1   6   7   0   0   0   0   0   0   0   0   0   0   0  

                         
 1    2   3   4   5   6   7   8   9   10

 2   4   3   9   5   8   1   6  
 4   3   9   5   8   1   6   7  

 N#    9 

                               
 1  2   3   4   5   6   7   8   9  10  11  12  13 14  15  16  17  18  19  20

 2  4   3   9   5   8   1   6   7   10   0   0   0   0   0   0   0   0   0   0  

                         
 1    2   3   4   5   6   7   8   9   10

 2   4   3   9   5   8   1   6   9  
 4   3   9   5   8   1   6   7   10  

 9  -⢮ ॡ ⮢ ॢ
  
Ŀ
      
Ĵ
  2    4  
  4    3  
  3    9  
  9    5  
  5    8  
  8    1  
  1    6  
  6    7  
  9   10  

