* * * * * * * * * * * * * * * * * * * * * * * * * * * * * * * * * * *

                                    

                                 N# 6

       (   )
* * * * * * * * * * * * * * * * * * * * * * * * * * * * * * * * * * *

᮪ 㧫   ࠬࠬ
 10  -⢮ 設

᮪  裡  ࠬࠬ
 37  -᫮ ॡ 室 

        

      
Ŀ 
N ॡ࠳          
Ĵ 
   1     1    2     4  
   2     1    3    14  
   3     1    5    10  
   4     1    6     5  
   5     1    7    12  
   6     1    9    18  
   7     1   10    21  
   8     2    3     2  
   9     2    4     7  
  10     2    5    12  
  11     2    6    11  
  12     2    8    11  
  13     2    9     6  
  14     3    4     7  
  15     3    5    17  
  16     3    7    14  
  17     3    8     3  
  18     3    9    16  
  19     3   10    19  
  20     4    5     2  
  21     4    6     5  
  22     4    7    14  
  23     4    9    18  
  24     4   10     4  
  25     5    6    10  
  26     5    8     9  
  27     5    9     4  
  28     5   10    13  
  29     6    7     4  
  30     6    9    11  
  31     6   10    11  
  32     7    8    13  
  33     7    9    10  
  34     7   10     3  
  35     8    9    19  
  36     8   10     5  
  37     9   10     7  
 

Ŀ
  N   1   2   3   4   5   6   7   8   9   10 
Ĵ
  1  999   4  14 999  10   5  12 999  18  21 
  2    4 999   2   7  12  11 999  11   6 999 
  3   14   2 999   7  17 999  14   3  16  19 
  4  999   7   7 999   2   5  14 999  18   4 
  5   10  12  17   2 999  10 999   9   4  13 
  6    5  11 999   5  10 999   4 999  11  11 
  7   12 999  14  14 999   4 999  13  10   3 
  8  999  11   3 999   9 999  13 999  19   5 
  9   18   6  16  18   4  11  10  19 999   7 
 10   21 999  19   4  13  11   3   5   7 999 


 = 10 
   = 9 

                     
Ŀ
   1   2   3   4   5   6   7   8   9  10    (  ,  )   
                                           .                  
Ĵ
  ***   4  14 ***  10   5  12 ***  18  21     2  (  2    1 )    4 
  *** ***   2   7  10   5  12  11   6  21     3  (  3    2 )    2 
  *** *** ***   7  10   5  12   3   6  19     8  (  8    3 )    3 
  *** *** ***   7   9   5  12 ***   6   5    10  ( 10    8 )    5 
  *** *** ***   4   9   5   3 ***   6 ***     7  (  7   10 )    3 
  *** *** ***   4   9   4 *** ***   6 ***     4  (  4   10 )    4 
  *** *** *** ***   2   4 *** ***   6 ***     5  (  5    4 )    2 
  *** *** *** *** ***   4 *** ***   4 ***     9  (  9    5 )    4 
  *** *** *** *** ***   4 *** *** *** ***     6  (  6    7 )    4 


       =  31 
