
                                    

                                 N# 10 a

*************                  ****************
* * * * * * * * * * * * * * * * * * * * * * * * * * * * * * * * * *
           
       
     T     .

᮪ 㧫   ࠬࠬ
 9  -⢮ 設

᮪  裡  ࠬࠬ
 17  -᫮ ॡ 室 
Ŀ
N ॡ࠳      
Ĵ
   1     1    2  
   2     1    4  
   3     1    5  
   4     1    7  
   5     2    6  
   6     2    8  
   7     3    8  
   8     3    9  
   9     4    5  
  10     4    8  
  11     4    9  
  12     5    7  
  13     5    9  
  14     6    7  
  15     7    8  
  16     7    9  
  17     2    5  


    
Ŀ
  N    INFO  LINK 
Ĵ
   1     0    16  
   2     0    42  
   3     0    24  
   4     0    30  
   5     0    43  
   6     0    36  
   7     0    40  
   8     0    39  
   9     0    41  
  10     2     0  
  11     1     0  
  12     4    10  
  13     1     0  
  14     5    12  
  15     1     0  
  16     7    14  
  17     1     0  
  18     6    11  
  19     2     0  
  20     8    18  
  21     2     0  
  22     8     0  
  23     3    21  
  24     9    22  
  25     3     0  
  26     5    13  
  27     4    15  
  28     8    26  
  29     4    23  
  30     9    28  
  31     4    25  
  32     7    27  
  33     5    17  
  34     9    32  
  35     5    31  
  36     7    19  
  37     6    33  
  38     8    37  
  39     7    29  
  40     9    38  
  41     7    35  
  42     5    20  
  43     2    34  


 4  - 砫쭠 設

 N#    1 

                               
 1  2   3   4   5   6   7   8   9  10  11  12  13 14  15  16  17  18  19  20

 4  9   0   0   0   0   0   0   0   0   0   0   0   0   0   0   0   0   0   0  

                         
 1    2   3   4   5   6   7   8   9   10

 4  
 9  

 N#    2 

                               
 1  2   3   4   5   6   7   8   9  10  11  12  13 14  15  16  17  18  19  20

 4  9   7   0   0   0   0   0   0   0   0   0   0   0   0   0   0   0   0   0  

                         
 1    2   3   4   5   6   7   8   9   10

 4   9  
 9   7  

 N#    3 

                               
 1  2   3   4   5   6   7   8   9  10  11  12  13 14  15  16  17  18  19  20

 4  9   7   8   0   0   0   0   0   0   0   0   0   0   0   0   0   0   0   0  

                         
 1    2   3   4   5   6   7   8   9   10

 4   9   7  
 9   7   8  

 N#    4 

                               
 1  2   3   4   5   6   7   8   9  10  11  12  13 14  15  16  17  18  19  20

 4  9   7   8   3   0   0   0   0   0   0   0   0   0   0   0   0   0   0   0  

                         
 1    2   3   4   5   6   7   8   9   10

 4   9   7   8  
 9   7   8   3  

 N#    5 

                               
 1  2   3   4   5   6   7   8   9  10  11  12  13 14  15  16  17  18  19  20

 4  9   7   8   3   2   0   0   0   0   0   0   0   0   0   0   0   0   0   0  

                         
 1    2   3   4   5   6   7   8   9   10

 4   9   7   8   8  
 9   7   8   3   2  

 N#    6 

                               
 1  2   3   4   5   6   7   8   9  10  11  12  13 14  15  16  17  18  19  20

 4  9   7   8   3   2   5   0   0   0   0   0   0   0   0   0   0   0   0   0  

                         
 1    2   3   4   5   6   7   8   9   10

 4   9   7   8   8   2  
 9   7   8   3   2   5  

 N#    7 

                               
 1  2   3   4   5   6   7   8   9  10  11  12  13 14  15  16  17  18  19  20

 4  9   7   8   3   2   5   1   0   0   0   0   0   0   0   0   0   0   0   0  

                         
 1    2   3   4   5   6   7   8   9   10

 4   9   7   8   8   2   5  
 9   7   8   3   2   5   1  

 N#    8 

                               
 1  2   3   4   5   6   7   8   9  10  11  12  13 14  15  16  17  18  19  20

 4  9   7   8   3   2   5   1   6   0   0   0   0   0   0   0   0   0   0   0  

                         
 1    2   3   4   5   6   7   8   9   10

 4   9   7   8   8   2   5   2  
 9   7   8   3   2   5   1   6  

 8  -⢮ ॡ ⮢ ॢ
  
Ŀ
      
Ĵ
  4    9  
  9    7  
  7    8  
  8    3  
  8    2  
  2    5  
  5    1  
  2    6  

