
                                    

                                 N# 10 a

*************                  ****************
* * * * * * * * * * * * * * * * * * * * * * * * * * * * * * * * * *
           
       
     T     .

᮪ 㧫   ࠬࠬ
 9  -⢮ 設

᮪  裡  ࠬࠬ
 16  -᫮ ॡ 室 
Ŀ
N ॡ࠳      
Ĵ
   1     1    2  
   2     1    3  
   3     2    3  
   4     3    8  
   5     4    7  
   6     5    8  
   7     6    8  
   8     2    5  
   9     1    5  
  10     5    6  
  11     7    8  
  12     4    8  
  13     3    4  
  14     6    9  
  15     7    9  
  16     1    9  


    
Ŀ
  N    INFO  LINK 
Ĵ
   1     0    40  
   2     0    24  
   3     0    34  
   4     0    35  
   5     0    28  
   6     0    36  
   7     0    38  
   8     0    33  
   9     0    41  
  10     2     0  
  11     1     0  
  12     3    10  
  13     1     0  
  14     3    11  
  15     2    13  
  16     8    15  
  17     3     0  
  18     7     0  
  19     4     0  
  20     8     0  
  21     5    17  
  22     8     0  
  23     6    21  
  24     5    14  
  25     2    20  
  26     5    12  
  27     1    25  
  28     6    27  
  29     5    22  
  30     8    19  
  31     7    23  
  32     8    18  
  33     4    31  
  34     4    16  
  35     3    32  
  36     9    29  
  37     6     0  
  38     9    30  
  39     7    37  
  40     9    26  
  41     1    39  


 3  - 砫쭠 設

 N#    1 

                               
 1  2   3   4   5   6   7   8   9  10  11  12  13 14  15  16  17  18  19  20

 3  4   0   0   0   0   0   0   0   0   0   0   0   0   0   0   0   0   0   0  

                         
 1    2   3   4   5   6   7   8   9   10

 3  
 4  

 N#    2 

                               
 1  2   3   4   5   6   7   8   9  10  11  12  13 14  15  16  17  18  19  20

 3  4   8   0   0   0   0   0   0   0   0   0   0   0   0   0   0   0   0   0  

                         
 1    2   3   4   5   6   7   8   9   10

 3   4  
 4   8  

 N#    3 

                               
 1  2   3   4   5   6   7   8   9  10  11  12  13 14  15  16  17  18  19  20

 3  4   8   7   0   0   0   0   0   0   0   0   0   0   0   0   0   0   0   0  

                         
 1    2   3   4   5   6   7   8   9   10

 3   4   8  
 4   8   7  

 N#    4 

                               
 1  2   3   4   5   6   7   8   9  10  11  12  13 14  15  16  17  18  19  20

 3  4   8   7   9   0   0   0   0   0   0   0   0   0   0   0   0   0   0   0  

                         
 1    2   3   4   5   6   7   8   9   10

 3   4   8   7  
 4   8   7   9  

 N#    5 

                               
 1  2   3   4   5   6   7   8   9  10  11  12  13 14  15  16  17  18  19  20

 3  4   8   7   9   1   0   0   0   0   0   0   0   0   0   0   0   0   0   0  

                         
 1    2   3   4   5   6   7   8   9   10

 3   4   8   7   9  
 4   8   7   9   1  

 N#    6 

                               
 1  2   3   4   5   6   7   8   9  10  11  12  13 14  15  16  17  18  19  20

 3  4   8   7   9   1   5   0   0   0   0   0   0   0   0   0   0   0   0   0  

                         
 1    2   3   4   5   6   7   8   9   10

 3   4   8   7   9   1  
 4   8   7   9   1   5  

 N#    7 

                               
 1  2   3   4   5   6   7   8   9  10  11  12  13 14  15  16  17  18  19  20

 3  4   8   7   9   1   5   6   0   0   0   0   0   0   0   0   0   0   0   0  

                         
 1    2   3   4   5   6   7   8   9   10

 3   4   8   7   9   1   5  
 4   8   7   9   1   5   6  

 N#    8 

                               
 1  2   3   4   5   6   7   8   9  10  11  12  13 14  15  16  17  18  19  20

 3  4   8   7   9   1   5   6   2   0   0   0   0   0   0   0   0   0   0   0  

                         
 1    2   3   4   5   6   7   8   9   10

 3   4   8   7   9   1   5   5  
 4   8   7   9   1   5   6   2  

 8  -⢮ ॡ ⮢ ॢ
  
Ŀ
      
Ĵ
  3    4  
  4    8  
  8    7  
  7    9  
  9    1  
  1    5  
  5    6  
  5    2  

