* * * * * * * * * * * * * * * * * * * * * * * * * * * * * * * * * * *

                                    

                                 N# 6

       (   )
* * * * * * * * * * * * * * * * * * * * * * * * * * * * * * * * * * *

᮪ 㧫   ࠬࠬ
 10  -⢮ 設

᮪  裡  ࠬࠬ
 34  -᫮ ॡ 室 

        

      
Ŀ 
N ॡ࠳          
Ĵ 
   1     1    2    23  
   2     1    3     8  
   3     1    4    15  
   4     1    5    10  
   5     1    7     5  
   6     1    8    11  
   7     1   10     6  
   8     2    3    14  
   9     2    5    17  
  10     2    6     7  
  11     2    7    13  
  12     2    8    10  
  13     2   10     8  
  14     3    4    11  
  15     3    5    15  
  16     3    7     1  
  17     3    8     4  
  18     3    9     3  
  19     3   10    15  
  20     4    5    10  
  21     4    6     5  
  22     4    7    28  
  23     4    8     2  
  24     4   10    17  
  25     5    6    29  
  26     5    7     9  
  27     5    8     3  
  28     5    9     1  
  29     6    7     8  
  30     6    8    13  
  31     6   10     7  
  32     7    8     8  
  33     7   10     5  
  34     8    9    12  
 

Ŀ
  N   1   2   3   4   5   6   7   8   9   10 
Ĵ
  1  999  23   8  15  10 999   5  11 999   6 
  2   23 999  14 999  17   7  13  10 999   8 
  3    8  14 999  11  15 999   1   4   3  15 
  4   15 999  11 999  10   5  28   2 999  17 
  5   10  17  15  10 999  29   9   3   1 999 
  6  999   7 999   5  29 999   8  13 999   7 
  7    5  13   1  28   9   8 999   8 999   5 
  8   11  10   4   2   3  13   8 999  12 999 
  9  999 999   3 999   1 999 999  12 999 999 
 10    6   8  15  17 999   7   5 999 999 999 


 = 10 
   = 9 

                     
Ŀ
   1   2   3   4   5   6   7   8   9  10    (  ,  )   
                                           .                  
Ĵ
  ***  23   8  15  10 ***   5  11 ***   6     7  (  7    1 )    5 
  ***  13   1  15   9   8 ***   8 ***   5     3  (  3    7 )    1 
  ***  13 ***  11   9   8 ***   4   3   5     9  (  9    3 )    3 
  ***  13 ***  11   1   8 ***   4 ***   5     5  (  5    9 )    1 
  ***  13 ***  10 ***   8 ***   3 ***   5     8  (  8    5 )    3 
  ***  10 ***   2 ***   8 *** *** ***   5     4  (  4    8 )    2 
  ***  10 *** *** ***   5 *** *** ***   5    10  ( 10    7 )    5 
  ***   8 *** *** ***   5 *** *** *** ***     6  (  6    4 )    5 
  ***   7 *** *** *** *** *** *** *** ***     2  (  2    6 )    7 


       =  32 
